# oST version 5.0 parameters


[image]

width
640

height
480

[narrow_stereo]

camera matrix
516.518711 0.000000 324.235902
0.000000 523.339348 241.985098
0.000000 0.000000 1.000000

distortion
0.170638 -0.202053 -0.001623 0.005963 0.000000

rectification
1.000000 0.000000 0.000000
0.000000 1.000000 0.000000
0.000000 0.000000 1.000000

projection
534.598938 0.000000 327.301747 0.000000
0.000000 543.641479 240.822266 0.000000
0.000000 0.000000 1.000000 0.000000
