image_width: 640
image_height: 480
camera_name: narrow_stereo
camera_matrix:
  rows: 3
  cols: 3
  data: [516.51871,   0.     , 324.2359 ,
           0.     , 523.33935, 241.9851 ,
           0.     ,   0.     ,   1.     ]
distortion_model: plumb_bob
distortion_coefficients:
  rows: 1
  cols: 5
  data: [0.170638, -0.202053, -0.001623, 0.005963, 0.000000]
rectification_matrix:
  rows: 3
  cols: 3
  data: [1., 0., 0.,
         0., 1., 0.,
         0., 0., 1.]
projection_matrix:
  rows: 3
  cols: 4
  data: [534.59894,   0.     , 327.30175,   0.     ,
           0.     , 543.64148, 240.82227,   0.     ,
           0.     ,   0.     ,   1.     ,   0.     ]
